Correlation Matrix of overall data
            NEW_STATUS     F0119     T0186     S1628   AGE_T_x     S0287  ...     T0182     T0184     T0159     T0165     T0174  TOTEXPER_x
NEW_STATUS    1.000000 -0.035715  0.008118  0.014297 -0.226244 -0.063886  ...  0.015821  0.004686  0.073228  0.058470  0.049640    0.361465
F0119        -0.035715  1.000000  0.005853  0.013141  0.038932  0.022175  ...  0.064049  0.062813  0.079646  0.096571  0.066282   -0.077966
T0186         0.008118  0.005853  1.000000 -0.017720 -0.033367  0.019949  ...  0.135280  0.009745  0.086363  0.090560  0.033436    0.029706
S1628         0.014297  0.013141 -0.017720  1.000000  0.026435 -0.113431  ... -0.028874 -0.052259  0.047088  0.088945  0.033108    0.015395
AGE_T_x      -0.226244  0.038932 -0.033367  0.026435  1.000000  0.005050  ... -0.025218 -0.006355  0.013851 -0.016953 -0.023766   -0.703290
S0287        -0.063886  0.022175  0.019949 -0.113431  0.005050  1.000000  ...  0.031875 -0.029413 -0.052316 -0.029673 -0.045583   -0.055622
T0178         0.057545  0.214101  0.089988  0.001660  0.006559 -0.045249  ...  0.088359  0.133483  0.276462  0.198614  0.141349    0.029697
T0080        -0.142837  0.047774  0.056534 -0.003031  0.269896  0.063034  ... -0.022142  0.040880  0.017316  0.020168 -0.028694   -0.326892
EARNALL      -0.185856  0.019910  0.033820  0.009831  0.423820  0.160965  ... -0.030202 -0.027709  0.026158 -0.022742 -0.091200   -0.578282
T0356        -0.082042 -0.045473 -0.024271 -0.024806  0.014316  0.091091  ... -0.018275  0.016642 -0.097931 -0.072682 -0.041435   -0.049961
T0329         0.137094  0.100572  0.031439  0.065275  0.036873 -0.105243  ... -0.013614 -0.085760  0.107047  0.060620  0.030478    0.006776
T0330         0.119539  0.103926  0.029497  0.025986  0.032863 -0.094374  ... -0.018344 -0.061483  0.108846  0.055361  0.016818   -0.008149
T0332         0.014458  0.116462  0.035933 -0.085675  0.092021  0.076773  ...  0.017261  0.021279  0.009788 -0.000321 -0.022746   -0.078946
T0333         0.104376  0.102833  0.008070 -0.082237 -0.022348  0.053292  ... -0.011002 -0.027838  0.063652  0.031606  0.012010    0.009005
T0336        -0.042037  0.080206  0.010883 -0.133815  0.048809  0.389279  ... -0.016073 -0.037562 -0.029624 -0.044292 -0.042490   -0.099441
T0155         0.057341  0.099885  0.059698  0.028935 -0.079928  0.001560  ... -0.005871  0.048520  0.121276  0.109350  0.122432    0.081860
T0157         0.046268  0.081719  0.046016  0.054641 -0.006821 -0.048468  ...  0.030370  0.103396  0.190131  0.195019  0.106262    0.017607
T0182         0.015821  0.064049  0.135280 -0.028874 -0.025218  0.031875  ...  1.000000  0.118542  0.073663  0.030500 -0.004636    0.050412
T0184         0.004686  0.062813  0.009745 -0.052259 -0.006355 -0.029413  ...  0.118542  1.000000  0.073920  0.039702  0.030661    0.006381
T0159         0.073228  0.079646  0.086363  0.047088  0.013851 -0.052316  ...  0.073663  0.073920  1.000000  0.182888  0.118305   -0.000508
T0165         0.058470  0.096571  0.090560  0.088945 -0.016953 -0.029673  ...  0.030500  0.039702  0.182888  1.000000  0.225641    0.033476
T0174         0.049640  0.066282  0.033436  0.033108 -0.023766 -0.045583  ... -0.004636  0.030661  0.118305  0.225641  1.000000    0.075383
TOTEXPER_x    0.361465 -0.077966  0.029706  0.015395 -0.703290 -0.055622  ...  0.050412  0.006381 -0.000508  0.033476  0.075383    1.000000

[23 rows x 23 columns]



Correlation Matrix of male data
            NEW_STATUS     F0119     T0186     S1628   AGE_T_x     S0287  ...     T0182     T0184     T0159     T0165     T0174  TOTEXPER_x
NEW_STATUS    1.000000 -0.035314  0.018179 -0.021615 -0.289958 -0.024445  ...  0.042983  0.020358  0.106824  0.074191  0.055295    0.396426
F0119        -0.035314  1.000000  0.015938 -0.001744  0.009555  0.016551  ...  0.017654  0.020142  0.024736  0.037529  0.020018   -0.090267
T0186         0.018179  0.015938  1.000000 -0.019710 -0.077908  0.026903  ...  0.146151  0.045454  0.038527  0.074325  0.018372    0.084410
S1628        -0.021615 -0.001744 -0.019710  1.000000  0.013585 -0.133040  ... -0.033509 -0.063679 -0.006627  0.127423  0.058524    0.024412
AGE_T_x      -0.289958  0.009555 -0.077908  0.013585  1.000000  0.042589  ... -0.059709 -0.013228 -0.078240 -0.061281 -0.021281   -0.701682
S0287        -0.024445  0.016551  0.026903 -0.133040  0.042589  1.000000  ...  0.072048 -0.012929 -0.051045 -0.071337 -0.087714   -0.101950
T0178         0.074452  0.133963  0.104747 -0.001000 -0.041838 -0.037471  ...  0.131090  0.179935  0.285901  0.158148  0.103978    0.083969
T0080        -0.196380  0.079765  0.066479 -0.018798  0.337339  0.103375  ...  0.003997  0.051552 -0.035429  0.000101 -0.073484   -0.367642
EARNALL      -0.247095  0.028656 -0.018098 -0.018193  0.482003  0.212565  ...  0.018788  0.042617 -0.038548 -0.049399 -0.096027   -0.630371
T0329         0.088445  0.059133  0.025320  0.097626  0.028630 -0.062716  ...  0.003112 -0.100222  0.075459 -0.003827  0.049750    0.016951
T0330         0.060129  0.092966  0.034179  0.037259  0.044119 -0.069443  ... -0.002823 -0.079208  0.077649  0.001909  0.024684   -0.044708
T0332        -0.002498  0.120416 -0.001115 -0.082512  0.131910  0.084116  ...  0.009977  0.033001 -0.014420 -0.073993 -0.048768   -0.115253
T0333         0.063114  0.078520 -0.026688 -0.125311 -0.014284  0.132149  ... -0.022111 -0.017909  0.037385 -0.027345 -0.026580   -0.026313
T0336        -0.010929  0.076138  0.009997 -0.157173  0.062334  0.356883  ... -0.010141 -0.016782 -0.046161 -0.087347 -0.086441   -0.118483
T0155         0.066504  0.115244  0.048992  0.001853 -0.147394  0.007938  ...  0.015174  0.101092  0.137653  0.094659  0.127934    0.140112
T0157         0.023292  0.117442  0.054673  0.030498 -0.024398 -0.037087  ...  0.000977  0.113974  0.195159  0.221950  0.099082    0.024406
T0182         0.042983  0.017654  0.146151 -0.033509 -0.059709  0.072048  ...  1.000000  0.134511  0.046314  0.029497  0.009878    0.061629
T0184         0.020358  0.020142  0.045454 -0.063679 -0.013228 -0.012929  ...  0.134511  1.000000  0.112981  0.005820  0.045405   -0.016798
T0159         0.106824  0.024736  0.038527 -0.006627 -0.078240 -0.051045  ...  0.046314  0.112981  1.000000  0.174216  0.142476    0.088956
T0165         0.074191  0.037529  0.074325  0.127423 -0.061281 -0.071337  ...  0.029497  0.005820  0.174216  1.000000  0.217202    0.096014
T0174         0.055295  0.020018  0.018372  0.058524 -0.021281 -0.087714  ...  0.009878  0.045405  0.142476  0.217202  1.000000    0.119829
TOTEXPER_x    0.396426 -0.090267  0.084410  0.024412 -0.701682 -0.101950  ...  0.061629 -0.016798  0.088956  0.096014  0.119829    1.000000

[22 rows x 22 columns]



Correlation Matrix of female data
            NEW_STATUS     F0119     T0186     S1628   AGE_T_x     S0287  ...     T0182     T0184     T0159     T0165     T0174  TOTEXPER_x
NEW_STATUS    1.000000 -0.041113  0.001142  0.027638 -0.197408 -0.072371  ...  0.002158 -0.000352  0.047429  0.042769  0.042581    0.340811
F0119        -0.041113  1.000000  0.001014  0.017781  0.055070  0.029026  ...  0.080096  0.082116  0.098444  0.120541  0.084272   -0.076787
T0186         0.001142  0.001014  1.000000 -0.017596 -0.014909  0.020666  ...  0.130535 -0.004288  0.103075  0.095569  0.038086    0.003360
S1628         0.027638  0.017781 -0.017596  1.000000  0.032733 -0.103360  ... -0.027841 -0.046693  0.066671  0.069129  0.021023    0.009570
AGE_T_x      -0.197408  0.055070 -0.014909  0.032733  1.000000 -0.014312  ... -0.010575 -0.003703  0.055743  0.004729 -0.024007   -0.705904
S0287        -0.072371  0.029026  0.020666 -0.103360 -0.014312  1.000000  ...  0.017856 -0.039503 -0.041865 -0.001055 -0.021625   -0.025333
T0178         0.034677  0.247904  0.078106  0.001715  0.031285 -0.032536  ...  0.066953  0.110717  0.256510  0.209667  0.154264   -0.002441
T0080        -0.115558  0.037621  0.053889  0.005088  0.240484  0.040368  ... -0.031720  0.035498  0.045444  0.033418 -0.007651   -0.305779
EARNALL      -0.143844  0.026621  0.062660  0.025471  0.400168  0.120000  ... -0.048983 -0.063689  0.073885  0.002234 -0.080568   -0.549413
T0329         0.143889  0.113296  0.028888  0.044620  0.045604 -0.105516  ... -0.026584 -0.076396  0.100185  0.076230  0.011219   -0.012243
T0330         0.134340  0.103427  0.022909  0.015604  0.031001 -0.089706  ... -0.029799 -0.050265  0.105870  0.068314  0.004619    0.000644
T0332         0.017034  0.113653  0.049585 -0.089133  0.075796  0.079521  ...  0.019215  0.017204  0.014346  0.028884 -0.014261   -0.064948
T0333         0.110729  0.108691  0.020122 -0.067863 -0.023880  0.032684  ... -0.009809 -0.029991  0.056934  0.048449  0.022961    0.018219
T0336        -0.051057  0.084859  0.012695 -0.122959  0.042223  0.401247  ... -0.017458 -0.047637 -0.016845 -0.020538 -0.021588   -0.087724
T0155         0.051892  0.092745  0.063596  0.039924 -0.050675 -0.000066  ... -0.014937  0.026010  0.113076  0.115034  0.119439    0.053101
T0157         0.051744  0.059449  0.040246  0.065793  0.003635 -0.046930  ...  0.043931  0.100210  0.181701  0.175317  0.107468    0.009001
T0182         0.002158  0.080096  0.130535 -0.027841 -0.010575  0.017856  ...  1.000000  0.112374  0.083019  0.029190 -0.011626    0.044155
T0184        -0.000352  0.082116 -0.004288 -0.046693 -0.003703 -0.039503  ...  0.112374  1.000000  0.059722  0.057312  0.025369    0.018974
T0159         0.047429  0.098444  0.103075  0.066671  0.055743 -0.041865  ...  0.083019  0.059722  1.000000  0.178487  0.103182   -0.051139
T0165         0.042769  0.120541  0.095569  0.069129  0.004729 -0.001055  ...  0.029190  0.057312  0.178487  1.000000  0.226393   -0.003821
T0174         0.042581  0.084272  0.038086  0.021023 -0.024007 -0.021625  ... -0.011626  0.025369  0.103182  0.226393  1.000000    0.051646
TOTEXPER_x    0.340811 -0.076787  0.003360  0.009570 -0.705904 -0.025333  ...  0.044155  0.018974 -0.051139 -0.003821  0.051646    1.000000

[22 rows x 22 columns]


=============================================================================================================================================================================================================

Top 3 Highest Correlation for Leaver (Overall)
- T0329
- T0330
- T0333


Top 3 Highest Correlation for Leaver (Male)
- T0159
- T0329
- T0178
- T0165 

Top 3 Highest Correlation for Leaver (Female)
- T0329
- T0330
- T0333



=============================================================================================================================================================================

Top 3 Highest Correlation In Data (Overall)
- S0287 - T0336
- EARNALL - AGE_T_x
- T0329 - T0333
- T0330 - T0333
- T0080 - EARNALL
- T0330 - T0329 (Highest)

Top 3 Highest Correlation In Data (Male)
- S0287 - T0336
- EARNALL - AGE_T_x
- T0080 - EARNALL
- T0330 - T0333
- T0330 - T0329 (Highest)

Top 3 Highest Correlation In Data (Female)
- S0287 - T0336
- EARNALL - AGE_T_x
- T0329 - T0333
- T0330 - T0333
- T0080 - EARNALL
- T0330 - T0329 (Highest)
