
Correlation Matrix of overall data
            NEW_STATUS     F0119     T0186     S1628   AGE_T_x     S0287     T0178     T0080  ...     T0336     T0155     T0157     T0182     T0184     T0159     T0165     T0174
NEW_STATUS    1.000000 -0.035715  0.008118  0.014297 -0.226244 -0.063886  0.057545 -0.142837  ... -0.042037  0.057341  0.046268  0.015821  0.004686  0.073228  0.058470  0.049640
F0119        -0.035715  1.000000  0.005853  0.013141  0.038932  0.022175  0.214101  0.047774  ...  0.080206  0.099885  0.081719  0.064049  0.062813  0.079646  0.096571  0.066282
T0186         0.008118  0.005853  1.000000 -0.017720 -0.033367  0.019949  0.089988  0.056534  ...  0.010883  0.059698  0.046016  0.135280  0.009745  0.086363  0.090560  0.033436
S1628         0.014297  0.013141 -0.017720  1.000000  0.026435 -0.113431  0.001660 -0.003031  ... -0.133815  0.028935  0.054641 -0.028874 -0.052259  0.047088  0.088945  0.033108
AGE_T_x      -0.226244  0.038932 -0.033367  0.026435  1.000000  0.005050  0.006559  0.269896  ...  0.048809 -0.079928 -0.006821 -0.025218 -0.006355  0.013851 -0.016953 -0.023766
S0287        -0.063886  0.022175  0.019949 -0.113431  0.005050  1.000000 -0.045249  0.063034  ...  0.389279  0.001560 -0.048468  0.031875 -0.029413 -0.052316 -0.029673 -0.045583
T0178         0.057545  0.214101  0.089988  0.001660  0.006559 -0.045249  1.000000  0.027412  ... -0.003501  0.115181  0.159862  0.088359  0.133483  0.276462  0.198614  0.141349
T0080        -0.142837  0.047774  0.056534 -0.003031  0.269896  0.063034  0.027412  1.000000  ...  0.063438 -0.005749  0.044015 -0.022142  0.040880  0.017316  0.020168 -0.028694
EARNALL      -0.185856  0.019910  0.033820  0.009831  0.423820  0.160965 -0.033975  0.388061  ...  0.088635 -0.026574 -0.032216 -0.030202 -0.027709  0.026158 -0.022742 -0.091200
T0356        -0.082042 -0.045473 -0.024271 -0.024806  0.014316  0.091091 -0.126648  0.037390  ...  0.042028 -0.014204 -0.059215 -0.018275  0.016642 -0.097931 -0.072682 -0.041435
T0329         0.137094  0.100572  0.031439  0.065275  0.036873 -0.105243  0.115523 -0.006819  ...  0.059133  0.056724  0.020548 -0.013614 -0.085760  0.107047  0.060620  0.030478
T0330         0.119539  0.103926  0.029497  0.025986  0.032863 -0.094374  0.115556 -0.007530  ...  0.106353  0.043169  0.027466 -0.018344 -0.061483  0.108846  0.055361  0.016818
T0332         0.014458  0.116462  0.035933 -0.085675  0.092021  0.076773  0.114913  0.048042  ...  0.266435  0.032422  0.020529  0.017261  0.021279  0.009788 -0.000321 -0.022746
T0333         0.104376  0.102833  0.008070 -0.082237 -0.022348  0.053292  0.154711  0.000300  ...  0.239821  0.019635  0.046404 -0.011002 -0.027838  0.063652  0.031606  0.012010
T0336        -0.042037  0.080206  0.010883 -0.133815  0.048809  0.389279 -0.003501  0.063438  ...  1.000000 -0.015979 -0.035072 -0.016073 -0.037562 -0.029624 -0.044292 -0.042490
T0155         0.057341  0.099885  0.059698  0.028935 -0.079928  0.001560  0.115181 -0.005749  ... -0.015979  1.000000  0.085371 -0.005871  0.048520  0.121276  0.109350  0.122432
T0157         0.046268  0.081719  0.046016  0.054641 -0.006821 -0.048468  0.159862  0.044015  ... -0.035072  0.085371  1.000000  0.030370  0.103396  0.190131  0.195019  0.106262
T0182         0.015821  0.064049  0.135280 -0.028874 -0.025218  0.031875  0.088359 -0.022142  ... -0.016073 -0.005871  0.030370  1.000000  0.118542  0.073663  0.030500 -0.004636
T0184         0.004686  0.062813  0.009745 -0.052259 -0.006355 -0.029413  0.133483  0.040880  ... -0.037562  0.048520  0.103396  0.118542  1.000000  0.073920  0.039702  0.030661
T0159         0.073228  0.079646  0.086363  0.047088  0.013851 -0.052316  0.276462  0.017316  ... -0.029624  0.121276  0.190131  0.073663  0.073920  1.000000  0.182888  0.118305
T0165         0.058470  0.096571  0.090560  0.088945 -0.016953 -0.029673  0.198614  0.020168  ... -0.044292  0.109350  0.195019  0.030500  0.039702  0.182888  1.000000  0.225641
T0174         0.049640  0.066282  0.033436  0.033108 -0.023766 -0.045583  0.141349 -0.028694  ... -0.042490  0.122432  0.106262 -0.004636  0.030661  0.118305  0.225641  1.000000

[22 rows x 22 columns]



Correlation Matrix of male data
            NEW_STATUS     F0119     T0186     S1628   AGE_T_x     S0287     T0178     T0080  ...     T0336     T0155     T0157     T0182     T0184     T0159     T0165     T0174
NEW_STATUS    1.000000 -0.035314  0.018179 -0.021615 -0.289958 -0.024445  0.074452 -0.196380  ... -0.010929  0.066504  0.023292  0.042983  0.020358  0.106824  0.074191  0.055295
F0119        -0.035314  1.000000  0.015938 -0.001744  0.009555  0.016551  0.133963  0.079765  ...  0.076138  0.115244  0.117442  0.017654  0.020142  0.024736  0.037529  0.020018
T0186         0.018179  0.015938  1.000000 -0.019710 -0.077908  0.026903  0.104747  0.066479  ...  0.009997  0.048992  0.054673  0.146151  0.045454  0.038527  0.074325  0.018372
S1628        -0.021615 -0.001744 -0.019710  1.000000  0.013585 -0.133040 -0.001000 -0.018798  ... -0.157173  0.001853  0.030498 -0.033509 -0.063679 -0.006627  0.127423  0.058524
AGE_T_x      -0.289958  0.009555 -0.077908  0.013585  1.000000  0.042589 -0.041838  0.337339  ...  0.062334 -0.147394 -0.024398 -0.059709 -0.013228 -0.078240 -0.061281 -0.021281
S0287        -0.024445  0.016551  0.026903 -0.133040  0.042589  1.000000 -0.037471  0.103375  ...  0.356883  0.007938 -0.037087  0.072048 -0.012929 -0.051045 -0.071337 -0.087714
T0178         0.074452  0.133963  0.104747 -0.001000 -0.041838 -0.037471  1.000000  0.079098  ... -0.043611  0.141743  0.142205  0.131090  0.179935  0.285901  0.158148  0.103978
T0080        -0.196380  0.079765  0.066479 -0.018798  0.337339  0.103375  0.079098  1.000000  ...  0.076885 -0.039280  0.062392  0.003997  0.051552 -0.035429  0.000101 -0.073484
EARNALL      -0.247095  0.028656 -0.018098 -0.018193  0.482003  0.212565 -0.054734  0.449494  ...  0.083905 -0.061350 -0.066131  0.018788  0.042617 -0.038548 -0.049399 -0.096027
T0329         0.088445  0.059133  0.025320  0.097626  0.028630 -0.062716  0.037880 -0.016200  ...  0.114659  0.056274 -0.038594  0.003112 -0.100222  0.075459 -0.003827  0.049750
T0330         0.060129  0.092966  0.034179  0.037259  0.044119 -0.069443  0.071363  0.000340  ...  0.159977  0.067688  0.003573 -0.002823 -0.079208  0.077649  0.001909  0.024684
T0332        -0.002498  0.120416 -0.001115 -0.082512  0.131910  0.084116  0.112273  0.081226  ...  0.308673 -0.013438 -0.006623  0.009977  0.033001 -0.014420 -0.073993 -0.048768
T0333         0.063114  0.078520 -0.026688 -0.125311 -0.014284  0.132149  0.125293  0.031982  ...  0.334056  0.008393  0.025407 -0.022111 -0.017909  0.037385 -0.027345 -0.026580
T0336        -0.010929  0.076138  0.009997 -0.157173  0.062334  0.356883 -0.043611  0.076885  ...  1.000000 -0.027790 -0.028487 -0.010141 -0.016782 -0.046161 -0.087347 -0.086441
T0155         0.066504  0.115244  0.048992  0.001853 -0.147394  0.007938  0.141743 -0.039280  ... -0.027790  1.000000  0.104977  0.015174  0.101092  0.137653  0.094659  0.127934
T0157         0.023292  0.117442  0.054673  0.030498 -0.024398 -0.037087  0.142205  0.062392  ... -0.028487  0.104977  1.000000  0.000977  0.113974  0.195159  0.221950  0.099082
T0182         0.042983  0.017654  0.146151 -0.033509 -0.059709  0.072048  0.131090  0.003997  ... -0.010141  0.015174  0.000977  1.000000  0.134511  0.046314  0.029497  0.009878
T0184         0.020358  0.020142  0.045454 -0.063679 -0.013228 -0.012929  0.179935  0.051552  ... -0.016782  0.101092  0.113974  0.134511  1.000000  0.112981  0.005820  0.045405
T0159         0.106824  0.024736  0.038527 -0.006627 -0.078240 -0.051045  0.285901 -0.035429  ... -0.046161  0.137653  0.195159  0.046314  0.112981  1.000000  0.174216  0.142476
T0165         0.074191  0.037529  0.074325  0.127423 -0.061281 -0.071337  0.158148  0.000101  ... -0.087347  0.094659  0.221950  0.029497  0.005820  0.174216  1.000000  0.217202
T0174         0.055295  0.020018  0.018372  0.058524 -0.021281 -0.087714  0.103978 -0.073484  ... -0.086441  0.127934  0.099082  0.009878  0.045405  0.142476  0.217202  1.000000

[21 rows x 21 columns]



Correlation Matrix of female data
            NEW_STATUS     F0119     T0186     S1628   AGE_T_x     S0287     T0178     T0080  ...     T0336     T0155     T0157     T0182     T0184     T0159     T0165     T0174
NEW_STATUS    1.000000 -0.041113  0.001142  0.027638 -0.197408 -0.072371  0.034677 -0.115558  ... -0.051057  0.051892  0.051744  0.002158 -0.000352  0.047429  0.042769  0.042581
F0119        -0.041113  1.000000  0.001014  0.017781  0.055070  0.029026  0.247904  0.037621  ...  0.084859  0.092745  0.059449  0.080096  0.082116  0.098444  0.120541  0.084272
T0186         0.001142  0.001014  1.000000 -0.017596 -0.014909  0.020666  0.078106  0.053889  ...  0.012695  0.063596  0.040246  0.130535 -0.004288  0.103075  0.095569  0.038086
S1628         0.027638  0.017781 -0.017596  1.000000  0.032733 -0.103360  0.001715  0.005088  ... -0.122959  0.039924  0.065793 -0.027841 -0.046693  0.066671  0.069129  0.021023
AGE_T_x      -0.197408  0.055070 -0.014909  0.032733  1.000000 -0.014312  0.031285  0.240484  ...  0.042223 -0.050675  0.003635 -0.010575 -0.003703  0.055743  0.004729 -0.024007
S0287        -0.072371  0.029026  0.020666 -0.103360 -0.014312  1.000000 -0.032536  0.040368  ...  0.401247 -0.000066 -0.046930  0.017856 -0.039503 -0.041865 -0.001055 -0.021625
T0178         0.034677  0.247904  0.078106  0.001715  0.031285 -0.032536  1.000000  0.006413  ...  0.027067  0.098029  0.160913  0.066953  0.110717  0.256510  0.209667  0.154264
T0080        -0.115558  0.037621  0.053889  0.005088  0.240484  0.040368  0.006413  1.000000  ...  0.055545  0.009362  0.038055 -0.031720  0.035498  0.045444  0.033418 -0.007651
EARNALL      -0.143844  0.026621  0.062660  0.025471  0.400168  0.120000  0.003476  0.355395  ...  0.083794 -0.010219  0.001290 -0.048983 -0.063689  0.073885  0.002234 -0.080568
T0329         0.143889  0.113296  0.028888  0.044620  0.045604 -0.105516  0.129511  0.007245  ...  0.044769  0.054679  0.039662 -0.026584 -0.076396  0.100185  0.076230  0.011219
T0330         0.134340  0.103427  0.022909  0.015604  0.031001 -0.089706  0.113155 -0.003742  ...  0.091315  0.029015  0.028714 -0.029799 -0.050265  0.105870  0.068314  0.004619
T0332         0.017034  0.113653  0.049585 -0.089133  0.075796  0.079521  0.107266  0.036156  ...  0.251535  0.051365  0.031158  0.019215  0.017204  0.014346  0.028884 -0.014261
T0333         0.110729  0.108691  0.020122 -0.067863 -0.023880  0.032684  0.147044 -0.007919  ...  0.206130  0.022803  0.046309 -0.009809 -0.029991  0.056934  0.048449  0.022961
T0336        -0.051057  0.084859  0.012695 -0.122959  0.042223  0.401247  0.027067  0.055545  ...  1.000000 -0.010101 -0.035082 -0.017458 -0.047637 -0.016845 -0.020538 -0.021588
T0155         0.051892  0.092745  0.063596  0.039924 -0.050675 -0.000066  0.098029  0.009362  ... -0.010101  1.000000  0.074650 -0.014937  0.026010  0.113076  0.115034  0.119439
T0157         0.051744  0.059449  0.040246  0.065793  0.003635 -0.046930  0.160913  0.038055  ... -0.035082  0.074650  1.000000  0.043931  0.100210  0.181701  0.175317  0.107468
T0182         0.002158  0.080096  0.130535 -0.027841 -0.010575  0.017856  0.066953 -0.031720  ... -0.017458 -0.014937  0.043931  1.000000  0.112374  0.083019  0.029190 -0.011626
T0184        -0.000352  0.082116 -0.004288 -0.046693 -0.003703 -0.039503  0.110717  0.035498  ... -0.047637  0.026010  0.100210  0.112374  1.000000  0.059722  0.057312  0.025369
T0159         0.047429  0.098444  0.103075  0.066671  0.055743 -0.041865  0.256510  0.045444  ... -0.016845  0.113076  0.181701  0.083019  0.059722  1.000000  0.178487  0.103182
T0165         0.042769  0.120541  0.095569  0.069129  0.004729 -0.001055  0.209667  0.033418  ... -0.020538  0.115034  0.175317  0.029190  0.057312  0.178487  1.000000  0.226393
T0174         0.042581  0.084272  0.038086  0.021023 -0.024007 -0.021625  0.154264 -0.007651  ... -0.021588  0.119439  0.107468 -0.011626  0.025369  0.103182  0.226393  1.000000

[21 rows x 21 columns]


=============================================================================================================================================================================================================

Top 3 Highest Correlation for Leaver (Overall)
- T0329
- T0330
- T0333


Top 3 Highest Correlation for Leaver (Male)
- T0159
- T0329
- T0178
- T0165 

Top 3 Highest Correlation for Leaver (Female)
- T0329
- T0330
- T0333



=============================================================================================================================================================================

Top 3 Highest Correlation In Data (Overall)
- S0287 - T0336
- EARNALL - AGE_T_x
- T0329 - T0333
- T0330 - T0333
- T0080 - EARNALL
- T0330 - T0329 (Highest)

Top 3 Highest Correlation In Data (Male)
- S0287 - T0336
- EARNALL - AGE_T_x
- T0080 - EARNALL
- T0330 - T0333
- T0330 - T0329 (Highest)

Top 3 Highest Correlation In Data (Female)
- S0287 - T0336
- EARNALL - AGE_T_x
- T0329 - T0333
- T0330 - T0333
- T0080 - EARNALL
- T0330 - T0329 (Highest)
