Correlation Matrix of overall data
          LEAVER       AGE     S0287     T0080    SALARY     T0329     T0333     T0159     T0165     EXPER     T0278     T0277     T0330
LEAVER  1.000000 -0.226244  0.063886  0.142837 -0.173818  0.137094  0.104376 -0.073228 -0.058470  0.361465  0.068610 -0.028987 -0.157413
AGE    -0.226244  1.000000 -0.005050 -0.269896  0.417269  0.036873 -0.022348 -0.013851  0.016953 -0.703290  0.009739 -0.052769 -0.012385
S0287   0.063886 -0.005050  1.000000  0.063034 -0.117507  0.105243 -0.053292 -0.052316 -0.029673  0.055622  0.058057  0.068543 -0.123253
T0080   0.142837 -0.269896  0.063034  1.000000 -0.374896  0.006819 -0.000300  0.017316  0.020168  0.326892  0.024893 -0.003807 -0.021105
SALARY -0.173818  0.417269 -0.117507 -0.374896  1.000000 -0.020186 -0.039417 -0.016642 -0.000434 -0.549203 -0.083314 -0.032056  0.053887
T0329   0.137094  0.036873  0.105243  0.006819 -0.020186  1.000000  0.423898 -0.107047 -0.060620  0.006776  0.187725 -0.003160 -0.781713
T0333   0.104376 -0.022348 -0.053292 -0.000300 -0.039417  0.423898  1.000000 -0.063652 -0.031606  0.009005  0.250144  0.001146 -0.526013
T0159  -0.073228 -0.013851 -0.052316  0.017316 -0.016642 -0.107047 -0.063652  1.000000  0.182888  0.000508 -0.048021  0.080984  0.117023
T0165  -0.058470  0.016953 -0.029673  0.020168 -0.000434 -0.060620 -0.031606  0.182888  1.000000 -0.033476 -0.004585  0.049280  0.055073
EXPER   0.361465 -0.703290  0.055622  0.326892 -0.549203  0.006776  0.009005  0.000508 -0.033476  1.000000  0.024718  0.007801 -0.019062
T0278   0.068610  0.009739  0.058057  0.024893 -0.083314  0.187725  0.250144 -0.048021 -0.004585  0.024718  1.000000  0.058715 -0.265417
T0277  -0.028987 -0.052769  0.068543 -0.003807 -0.032056 -0.003160  0.001146  0.080984  0.049280  0.007801  0.058715  1.000000  0.002491
T0330  -0.157413 -0.012385 -0.123253 -0.021105  0.053887 -0.781713 -0.526013  0.117023  0.055073 -0.019062 -0.265417  0.002491  1.000000



Correlation Matrix of male data
          LEAVER       AGE     S0287     T0080    SALARY     T0329     T0333     T0159     T0165     EXPER     T0278     T0277     T0330
LEAVER  1.000000 -0.289958  0.024445  0.196380 -0.219552  0.088445  0.063114 -0.106824 -0.074191  0.396426  0.052836 -0.042408 -0.101276
AGE    -0.289958  1.000000 -0.042589 -0.337339  0.435078  0.028630 -0.014284  0.078240  0.061281 -0.701682 -0.006808  0.016469 -0.023358
S0287   0.024445 -0.042589  1.000000  0.103375 -0.159999  0.062716 -0.132149 -0.051045 -0.071337  0.101950  0.048560  0.061098 -0.088703
T0080   0.196380 -0.337339  0.103375  1.000000 -0.383910  0.016200 -0.031982 -0.035429  0.000101  0.367642  0.049805  0.009399 -0.019206
SALARY -0.219552  0.435078 -0.159999 -0.383910  1.000000 -0.021299 -0.023788  0.056751  0.042002 -0.562662 -0.099647  0.009129  0.050199
T0329   0.088445  0.028630  0.062716  0.016200 -0.021299  1.000000  0.322363 -0.075459  0.003827  0.016951  0.133907  0.037081 -0.731767
T0333   0.063114 -0.014284 -0.132149 -0.031982 -0.023788  0.322363  1.000000 -0.037385  0.027345 -0.026313  0.207151  0.055240 -0.451388
T0159  -0.106824  0.078240 -0.051045 -0.035429  0.056751 -0.075459 -0.037385  1.000000  0.174216 -0.088956 -0.063273  0.064249  0.081208
T0165  -0.074191  0.061281 -0.071337  0.000101  0.042002  0.003827  0.027345  0.174216  1.000000 -0.096014  0.005710  0.048235 -0.014080
EXPER   0.396426 -0.701682  0.101950  0.367642 -0.562662  0.016951 -0.026313 -0.088956 -0.096014  1.000000  0.053324 -0.052006  0.001745
T0278   0.052836 -0.006808  0.048560  0.049805 -0.099647  0.133907  0.207151 -0.063273  0.005710  0.053324  1.000000  0.107374 -0.219763
T0277  -0.042408  0.016469  0.061098  0.009399  0.009129  0.037081  0.055240  0.064249  0.048235 -0.052006  0.107374  1.000000 -0.054879
T0330  -0.101276 -0.023358 -0.088703 -0.019206  0.050199 -0.731767 -0.451388  0.081208 -0.014080  0.001745 -0.219763 -0.054879  1.000000



Correlation Matrix of female data
          LEAVER       AGE     S0287     T0080    SALARY     T0329     T0333     T0159     T0165     EXPER     T0278     T0277     T0330
LEAVER  1.000000 -0.197408  0.072371  0.115558 -0.139308  0.143889  0.110729 -0.047429 -0.042769  0.340811  0.061851 -0.009665 -0.161781
AGE    -0.197408  1.000000  0.014312 -0.240484  0.412179  0.045604 -0.023880 -0.055743 -0.004729 -0.705904  0.024197 -0.083114 -0.012798
S0287   0.072371  0.014312  1.000000  0.040368 -0.080938  0.105516 -0.032684 -0.041865 -0.001055  0.025333  0.044328  0.089044 -0.113816
T0080   0.115558 -0.240484  0.040368  1.000000 -0.368871 -0.007245  0.007919  0.045444  0.033418  0.305779  0.000849 -0.002672 -0.010777
SALARY -0.139308  0.412179 -0.080938 -0.368871  1.000000  0.015813 -0.017700 -0.069703 -0.035428 -0.541190 -0.043284 -0.073812  0.013556
T0329   0.143889  0.045604  0.105516 -0.007245  0.015813  1.000000  0.461395 -0.100185 -0.076230 -0.012243  0.192566  0.010516 -0.796711
T0333   0.110729 -0.023880 -0.032684  0.007919 -0.017700  0.461395  1.000000 -0.056934 -0.048449  0.018219  0.255677  0.002931 -0.547088
T0159  -0.047429 -0.055743 -0.041865  0.045444 -0.069703 -0.100185 -0.056934  1.000000  0.178487  0.051139 -0.016764  0.072047  0.105508
T0165  -0.042769 -0.004729 -0.001055  0.033418 -0.035428 -0.076230 -0.048449  0.178487  1.000000  0.003821  0.006533  0.037749  0.064584
EXPER   0.340811 -0.705904  0.025333  0.305779 -0.541190 -0.012243  0.018219  0.051139  0.003821  1.000000 -0.007449  0.043305 -0.012984
T0278   0.061851  0.024197  0.044328  0.000849 -0.043284  0.192566  0.255677 -0.016764  0.006533 -0.007449  1.000000  0.064539 -0.262521
T0277  -0.009665 -0.083114  0.089044 -0.002672 -0.073812  0.010516  0.002931  0.072047  0.037749  0.043305  0.064539  1.000000 -0.014280
T0330  -0.161781 -0.012798 -0.113816 -0.010777  0.013556 -0.796711 -0.547088  0.105508  0.064584 -0.012984 -0.262521 -0.014280  1.000000