Correlation Matrix of overall data
          LEAVER       AGE     S0287     T0080    SALARY     T0329     T0333     T0159     T0165     EXPER     T0278     T0277     T0330
LEAVER  1.000000 -0.226244  0.063886  0.142837 -0.173818  0.137094  0.104376 -0.073228 -0.058470  0.361465  0.068610 -0.028987 -0.157413
AGE    -0.226244  1.000000 -0.005050 -0.269896  0.417269  0.036873 -0.022348 -0.013851  0.016953 -0.703290  0.009739 -0.052769 -0.012385
S0287   0.063886 -0.005050  1.000000  0.063034 -0.117507  0.105243 -0.053292 -0.052316 -0.029673  0.055622  0.058057  0.068543 -0.123253
T0080   0.142837 -0.269896  0.063034  1.000000 -0.374896  0.006819 -0.000300  0.017316  0.020168  0.326892  0.024893 -0.003807 -0.021105
SALARY -0.173818  0.417269 -0.117507 -0.374896  1.000000 -0.020186 -0.039417 -0.016642 -0.000434 -0.549203 -0.083314 -0.032056  0.053887
T0329   0.137094  0.036873  0.105243  0.006819 -0.020186  1.000000  0.423898 -0.107047 -0.060620  0.006776  0.187725 -0.003160 -0.781713
T0333   0.104376 -0.022348 -0.053292 -0.000300 -0.039417  0.423898  1.000000 -0.063652 -0.031606  0.009005  0.250144  0.001146 -0.526013
T0159  -0.073228 -0.013851 -0.052316  0.017316 -0.016642 -0.107047 -0.063652  1.000000  0.182888  0.000508 -0.048021  0.080984  0.117023
T0165  -0.058470  0.016953 -0.029673  0.020168 -0.000434 -0.060620 -0.031606  0.182888  1.000000 -0.033476 -0.004585  0.049280  0.055073
EXPER   0.361465 -0.703290  0.055622  0.326892 -0.549203  0.006776  0.009005  0.000508 -0.033476  1.000000  0.024718  0.007801 -0.019062
T0278   0.068610  0.009739  0.058057  0.024893 -0.083314  0.187725  0.250144 -0.048021 -0.004585  0.024718  1.000000  0.058715 -0.265417
T0277  -0.028987 -0.052769  0.068543 -0.003807 -0.032056 -0.003160  0.001146  0.080984  0.049280  0.007801  0.058715  1.000000  0.002491
T0330  -0.157413 -0.012385 -0.123253 -0.021105  0.053887 -0.781713 -0.526013  0.117023  0.055073 -0.019062 -0.265417  0.002491  1.000000



Correlation Matrix of male data
          LEAVER       AGE     S0287     T0080    SALARY     T0329     T0333     T0159     T0165     EXPER     T0278     T0277     T0330
LEAVER  1.000000 -0.226244  0.063886  0.142837 -0.173818  0.137094  0.104376 -0.073228 -0.058470  0.361465  0.068610 -0.028987 -0.157413
AGE    -0.226244  1.000000 -0.005050 -0.269896  0.417269  0.036873 -0.022348 -0.013851  0.016953 -0.703290  0.009739 -0.052769 -0.012385
S0287   0.063886 -0.005050  1.000000  0.063034 -0.117507  0.105243 -0.053292 -0.052316 -0.029673  0.055622  0.058057  0.068543 -0.123253
T0080   0.142837 -0.269896  0.063034  1.000000 -0.374896  0.006819 -0.000300  0.017316  0.020168  0.326892  0.024893 -0.003807 -0.021105
SALARY -0.173818  0.417269 -0.117507 -0.374896  1.000000 -0.020186 -0.039417 -0.016642 -0.000434 -0.549203 -0.083314 -0.032056  0.053887
T0329   0.137094  0.036873  0.105243  0.006819 -0.020186  1.000000  0.423898 -0.107047 -0.060620  0.006776  0.187725 -0.003160 -0.781713
T0333   0.104376 -0.022348 -0.053292 -0.000300 -0.039417  0.423898  1.000000 -0.063652 -0.031606  0.009005  0.250144  0.001146 -0.526013
T0159  -0.073228 -0.013851 -0.052316  0.017316 -0.016642 -0.107047 -0.063652  1.000000  0.182888  0.000508 -0.048021  0.080984  0.117023
T0165  -0.058470  0.016953 -0.029673  0.020168 -0.000434 -0.060620 -0.031606  0.182888  1.000000 -0.033476 -0.004585  0.049280  0.055073
EXPER   0.361465 -0.703290  0.055622  0.326892 -0.549203  0.006776  0.009005  0.000508 -0.033476  1.000000  0.024718  0.007801 -0.019062
T0278   0.068610  0.009739  0.058057  0.024893 -0.083314  0.187725  0.250144 -0.048021 -0.004585  0.024718  1.000000  0.058715 -0.265417
T0277  -0.028987 -0.052769  0.068543 -0.003807 -0.032056 -0.003160  0.001146  0.080984  0.049280  0.007801  0.058715  1.000000  0.002491
T0330  -0.157413 -0.012385 -0.123253 -0.021105  0.053887 -0.781713 -0.526013  0.117023  0.055073 -0.019062 -0.265417  0.002491  1.000000



Correlation Matrix of female data
          LEAVER       AGE     S0287     T0080    SALARY     T0329     T0333     T0159     T0165     EXPER     T0278     T0277     T0330
LEAVER  1.000000 -0.226244  0.063886  0.142837 -0.173818  0.137094  0.104376 -0.073228 -0.058470  0.361465  0.068610 -0.028987 -0.157413
AGE    -0.226244  1.000000 -0.005050 -0.269896  0.417269  0.036873 -0.022348 -0.013851  0.016953 -0.703290  0.009739 -0.052769 -0.012385
S0287   0.063886 -0.005050  1.000000  0.063034 -0.117507  0.105243 -0.053292 -0.052316 -0.029673  0.055622  0.058057  0.068543 -0.123253
T0080   0.142837 -0.269896  0.063034  1.000000 -0.374896  0.006819 -0.000300  0.017316  0.020168  0.326892  0.024893 -0.003807 -0.021105
SALARY -0.173818  0.417269 -0.117507 -0.374896  1.000000 -0.020186 -0.039417 -0.016642 -0.000434 -0.549203 -0.083314 -0.032056  0.053887
T0329   0.137094  0.036873  0.105243  0.006819 -0.020186  1.000000  0.423898 -0.107047 -0.060620  0.006776  0.187725 -0.003160 -0.781713
T0333   0.104376 -0.022348 -0.053292 -0.000300 -0.039417  0.423898  1.000000 -0.063652 -0.031606  0.009005  0.250144  0.001146 -0.526013
T0159  -0.073228 -0.013851 -0.052316  0.017316 -0.016642 -0.107047 -0.063652  1.000000  0.182888  0.000508 -0.048021  0.080984  0.117023
T0165  -0.058470  0.016953 -0.029673  0.020168 -0.000434 -0.060620 -0.031606  0.182888  1.000000 -0.033476 -0.004585  0.049280  0.055073
EXPER   0.361465 -0.703290  0.055622  0.326892 -0.549203  0.006776  0.009005  0.000508 -0.033476  1.000000  0.024718  0.007801 -0.019062
T0278   0.068610  0.009739  0.058057  0.024893 -0.083314  0.187725  0.250144 -0.048021 -0.004585  0.024718  1.000000  0.058715 -0.265417
T0277  -0.028987 -0.052769  0.068543 -0.003807 -0.032056 -0.003160  0.001146  0.080984  0.049280  0.007801  0.058715  1.000000  0.002491
T0330  -0.157413 -0.012385 -0.123253 -0.021105  0.053887 -0.781713 -0.526013  0.117023  0.055073 -0.019062 -0.265417  0.002491  1.000000